------------------------------------------------------------------
Přídělování bodů za umístění v nejvyšší V podkategorii ČPV
 
        pořadí:   1   2   3   4   5   6   7   8   9  10  11  12  13  14  15  16  17  18  19  20

  kls.záv. 22    15  14  13  12  11  10   9   8   7   6   5   4   3   2   1   0   0   0   0   0
           21    15  14  13  12  11  10   9   8   7   6   5   4   3   2   1   0   0   0   0   0
           20    15  14  13  12  11  10   9   8   7   6   5   4   3   2   1   0   0   0   0   0
           19    15  14  13  12  11  10   9   8   7   6   4   3   2   1   0   0   0   0   0
           18    15  14  13  12  11   9   8   7   6   5   4   3   2   1   0   0   0   0
           17    15  14  13  11  10   9   8   7   6   4   3   2   1   0   0   0   0
           16    15  14  13  11  10   9   8   6   5   4   3   1   0   0   0   0
           15    15  14  12  11  10   8   7   6   4   3   2   0   0   0   0
           14    15  14  12  11   9   8   6   5   4   2   1   0   0   0
           13    15  13  12  10   9   7   6   4   3   1   0   0   0
           12    15  13  12  10   8   7   5   3   2   0   0   0
           11    15  13  11  10   8   6   4   2   0   0   0
           10    15  13  11   9   7   5   3   1   0   0
            9    15  13  11   8   6   4   2   0   0
            8    15  13  10   8   5   3   0   0
            7    13  11   8   6   3   1   0
            6    11   9   6   4   1   0
            5     9   7   4   2   0
            4     8   5   3   0
            3     6   3   1
            2     4   1
            1     2

------------------------------------------------------------------
Přídělování bodů za umístění v druhé nejvyšší V podkategorii ČPV

        pořadí:   1   2   3   4   5   6   7   8   9  10

  kls.záv. 12     6   5   4   3   2   1   0   0   0   0
           11     6   5   4   3   2   1   0   0   0   0
           10     6   5   4   3   2   1   0   0   0   0
            9     5   4   3   2   1   0   0   0   0
            8     4   3   2   1   0   0   0   0
            7     3   2   1   0   0   0   0
            6     2   1   0   0   0   0
            5     1   0   0   0   0
            4     1   0   0   0
            3     1   0   0
            2     1   0
            1     1

------------------------------------------------------------------
Přídělování bodů za umístění v třetí nejvyšší V podkategorii ČPV

       pořadí:    1   2   3   4   5   6   7

  kls.záv.  7     3   2   1   0   0   0   0
            7     3   2   1   0   0   0   0
            7     3   2   1   0   0   0   0
            6     2   1   0   0   0   0
            5     1   0   0   0   0
            4     0   0   0   0
            3     0   0   0
            2     0   0
            1     0
